{
  "advancedEditorSelectedIdentifier" : "ProjectBrowser",
  "openSceneRelativePaths" : [

  ],
  "recentIdentifiers" : {

  },
  "sceneCameraHistory" : {
    "8FEE2354-5D75-4FE0-96AE-0F44B23AE026" : [
      {
        "date" : 749154038.54324,
        "title" : "Untitled",
        "transform" : [
          0.95590556,
          0,
          -0.29367405,
          0,
          -0.23181559,
          0.61392593,
          -0.7545572,
          0,
          0.18029414,
          0.7893635,
          0.5868553,
          0,
          -0.5120278,
          2.7005556,
          1.5236816,
          1
        ]
      },
      {
        "date" : 749154010.426263,
        "title" : "Untitled",
        "transform" : [
          0.32951093,
          0,
          0.94415176,
          0,
          0.9435767,
          0.0348995,
          -0.32931024,
          0,
          -0.032950483,
          0.9993908,
          0.011499792,
          0,
          0.18617177,
          2.953678,
          -1.0573106,
          1
        ]
      },
      {
        "date" : 749154003.815072,
        "title" : "Untitled",
        "transform" : [
          0.9300555,
          9.313226e-10,
          0.36741877,
          0,
          0.22463654,
          0.7913286,
          -0.56862766,
          0,
          -0.29074898,
          0.61139095,
          0.7359796,
          0,
          -0.12804794,
          1.1325424,
          1.4828668,
          1
        ]
      },
      {
        "date" : 749153991.865554,
        "title" : "Untitled",
        "transform" : [
          0.8820015,
          -9.313208e-09,
          0.47124654,
          0,
          0.23131455,
          0.87124026,
          -0.43293634,
          0,
          -0.410569,
          0.49085668,
          0.76843524,
          0,
          -0.5910594,
          0.64850485,
          1.573969,
          1
        ]
      },
      {
        "date" : 748850499.698144,
        "title" : "Untitled",
        "transform" : [
          0.8820015,
          -9.313222e-09,
          0.47124654,
          0,
          0.23131455,
          0.87124026,
          -0.43293634,
          0,
          -0.410569,
          0.49085668,
          0.76843524,
          0,
          -5.345665,
          5.6945243,
          9.842231,
          1
        ]
      },
      {
        "date" : 748850493.578145,
        "title" : "Untitled",
        "transform" : [
          0.8820016,
          -9.313226e-09,
          0.47124657,
          0,
          0.23131455,
          0.87124026,
          -0.43293634,
          0,
          -0.410569,
          0.49085668,
          0.76843524,
          0,
          -4.9160438,
          5.5992174,
          9.435738,
          1
        ]
      },
      {
        "date" : 748850491.7775,
        "title" : "Untitled",
        "transform" : [
          0.969166,
          -7.450581e-09,
          0.24640909,
          0,
          0.11123267,
          0.89231426,
          -0.4374957,
          0,
          -0.2198743,
          0.45141464,
          0.8648007,
          0,
          -2.521772,
          5.1191044,
          10.420408,
          1
        ]
      },
      {
        "date" : 748850487.866101,
        "title" : "Untitled",
        "transform" : [
          0.99784094,
          -7.450581e-09,
          0.0656755,
          0,
          0.020118503,
          0.95192474,
          -0.30567053,
          0,
          -0.062518075,
          0.30633187,
          0.94986963,
          0,
          -0.57877016,
          3.4133103,
          10.835035,
          1
        ]
      },
      {
        "date" : 748850485.512136,
        "title" : "Untitled",
        "transform" : [
          0.96507514,
          -7.450581e-09,
          -0.26197293,
          0,
          -0.059937257,
          0.97347534,
          -0.2208013,
          0,
          0.25502425,
          0.22879177,
          0.9394769,
          0,
          2.9806566,
          2.5363212,
          10.397291,
          1
        ]
      },
      {
        "date" : 748850471.762825,
        "title" : "Untitled",
        "transform" : [
          0.020741519,
          -7.3341653e-09,
          -0.9997848,
          0,
          -0.34850907,
          0.9372775,
          -0.0072301715,
          0,
          0.93707585,
          0.34858403,
          0.019440537,
          0,
          10.899857,
          3.9009583,
          0.033301435,
          1
        ]
      }
    ]
  },
  "sceneViewportBackgroundColors" : {

  }
}